46 169
46 75
46 63
46 187
46 193
46 92
46 55
46 58
46 19
46 10
98 137
98 169
98 185
98 29
167 137
167 18
167 63
167 70
167 140
167 185
167 55
167 29
167 19
6 169
6 70
6 55
94 137
94 169
94 63
94 1
94 177
94 193
94 92
94 2
94 23
94 186
94 121
94 10
50 18
50 7
50 63
50 177
50 70
50 92
50 2
50 55
50 19
50 10
38 137
38 63
38 1
38 193
38 185
38 121
38 29
38 19
38 35
183 18
183 1
183 187
183 70
183 92
183 19
183 35
43 7
43 63
43 187
43 140
43 193
43 23
43 185
43 186
43 121
85 18
85 169
85 7
85 1
85 140
85 92
85 23
85 185
85 186
85 29
85 58
22 18
22 1
22 187
22 193
22 23
22 55
147 18
147 63
147 1
147 140
147 23
147 29
147 19
147 10
124 137
124 169
124 187
124 2
124 23
124 185
124 186
124 121
124 29
124 58
104 75
104 7
104 63
104 187
104 177
104 193
104 185
104 10
24 199
24 75
24 63
24 187
24 185
24 10
47 199
47 1
47 177
47 140
47 92
47 2
47 185
47 186
47 58
47 10
120 18
120 75
120 7
120 70
120 92
120 55
120 10
141 75
141 63
141 177
141 70
141 140
141 186
110 137
110 18
110 63
110 70
110 140
110 193
110 2
110 121
110 29
110 58
41 137
41 1
41 187
41 177
41 193
41 2
41 35
146 63
146 121
146 19
154 199
154 18
154 169
154 63
154 177
154 2
154 23
154 185
154 55
154 19
154 35
197 199
197 23
197 55
197 35
135 169
135 75
135 63
135 187
135 177
135 140
135 92
135 2
135 185
135 186
135 29
135 19
174 75
174 7
174 187
174 2
174 185
174 10
118 44
118 99
118 182
118 42
118 51
118 52
118 56
118 3
118 107
118 78
118 149
118 62
118 190
118 95
172 27
172 182
172 84
172 71
172 96
172 3
172 107
172 62
172 119
172 179
54 44
54 96
54 56
54 107
54 11
54 95
129 44
129 166
129 52
129 56
129 78
129 11
129 37
129 95
40 44
40 79
40 84
40 101
40 78
40 179
40 95
102 44
102 79
102 182
102 84
102 51
102 101
102 78
102 11
102 37
102 148
102 200
25 96
25 62
25 148
25 200
111 44
111 51
111 71
111 11
111 62
32 44
32 84
32 51
32 52
32 200
173 182
173 84
173 71
173 96
173 101
173 52
173 56
173 78
173 149
173 37
173 200
173 179
86 44
86 99
86 166
86 71
86 56
86 3
86 78
86 149
86 11
86 34
86 5
86 148
28 44
28 42
28 166
28 51
28 101
28 144
28 37
28 95
30 79
30 99
30 149
30 62
30 95
74 44
74 99
74 56
74 149
74 62
74 148
74 179
188 42
188 101
188 56
188 78
188 34
188 190
194 44
194 79
194 27
194 99
194 182
194 166
194 71
194 107
194 62
194 148
106 44
106 79
106 182
106 84
106 52
106 149
106 119
16 44
16 99
16 182
16 56
16 144
16 3
16 11
16 5
16 200
16 95
125 99
125 51
125 96
125 78
125 119
125 34
125 179
158 182
158 166
158 71
158 96
158 101
158 144
158 3
158 149
158 11
158 62
158 37
158 119
158 5
158 148
158 200
158 179
158 95
131 44
131 27
131 84
131 51
131 101
131 52
131 144
131 78
131 148
131 200
67 182
67 96
67 56
67 3
67 37
67 34
67 5
126 71
126 101
126 144
126 3
126 78
126 149
126 62
126 37
126 119
126 95
153 42
153 51
153 56
153 144
153 3
153 78
153 11
153 62
153 37
153 119
153 200
60 44
60 27
60 99
60 84
60 101
60 52
60 3
60 78
60 11
60 119
60 179
60 95
97 44
97 42
97 56
97 107
97 78
113 99
113 166
113 84
113 101
113 149
113 62
113 34
113 148
132 44
132 42
132 96
132 107
132 62
81 27
81 99
81 42
81 51
81 107
81 11
81 62
81 34
81 5
81 95
163 182
163 166
163 101
163 144
163 119
163 34
163 190
163 148
163 200
163 179
195 189
195 122
195 39
195 82
195 180
195 175
195 87
195 155
195 138
195 77
195 127
195 4
195 72
195 49
195 134
195 150
195 128
195 161
195 57
195 64
112 133
112 189
112 168
112 82
112 9
112 36
112 87
112 160
112 76
112 181
112 89
112 100
112 33
112 114
112 48
112 61
112 198
112 26
112 72
112 134
112 108
112 12
112 57
112 64
112 53
88 123
88 156
88 184
88 20
88 160
88 76
88 105
88 181
88 69
88 77
88 14
88 114
88 115
88 152
88 48
88 15
88 61
88 198
88 21
88 151
88 109
88 196
145 93
145 157
145 103
145 133
145 59
145 164
145 168
145 116
145 39
145 165
145 9
145 36
145 175
145 87
145 90
145 191
145 76
145 136
145 77
145 8
145 127
145 14
145 13
145 33
145 114
145 115
145 48
145 73
145 15
145 66
145 198
145 83
145 26
145 49
145 142
145 31
145 128
145 109
145 12
145 45
145 57
145 64
93 133
93 59
93 184
93 39
93 165
93 9
93 175
93 191
93 105
93 181
93 138
93 89
93 117
93 77
93 159
93 127
93 14
93 115
93 143
93 48
93 15
93 66
93 151
93 80
93 128
93 161
93 64
157 133
157 192
157 116
157 165
157 9
157 17
157 13
157 152
157 73
157 15
157 91
157 198
157 21
157 72
157 49
157 31
157 109
157 57
157 68
157 64
103 133
103 123
103 184
103 168
103 116
103 82
103 9
103 87
103 191
103 160
103 138
103 162
103 127
103 100
103 33
103 115
103 48
103 73
103 61
103 91
103 21
103 151
103 171
103 12
103 170
103 45
103 64
133 59
133 189
133 116
133 20
133 9
133 180
133 36
133 90
133 139
133 76
133 181
133 162
133 89
133 117
133 77
133 127
133 100
133 4
133 14
133 65
133 17
133 33
133 61
133 26
133 49
133 171
133 134
133 108
133 161
133 64
123 116
123 39
123 165
123 9
123 175
123 139
123 105
123 181
123 162
123 136
123 159
123 4
123 13
123 15
123 91
123 198
123 176
123 49
123 151
123 171
123 161
123 12
59 122
59 164
59 168
59 192
59 165
59 9
59 139
59 160
59 105
59 69
59 89
59 65
59 17
59 115
59 152
59 143
59 48
59 73
59 66
59 91
59 198
59 49
59 80
59 150
59 109
59 161
59 12
59 53
156 164
156 180
156 155
156 89
156 8
156 100
156 4
156 114
156 115
156 15
156 61
156 151
156 134
156 80
156 128
156 12
156 130
156 45
156 64
156 53
189 122
189 116
189 39
189 82
189 36
189 175
189 160
189 155
189 136
189 8
189 159
189 100
189 4
189 65
189 48
189 73
189 15
189 61
189 26
189 21
189 72
189 161
189 196
184 168
184 20
184 180
184 36
184 175
184 90
184 191
184 160
184 136
184 77
184 8
184 159
184 100
184 14
184 17
184 33
184 152
184 80
184 128
184 12
184 130
184 57
184 68
184 53
122 168
122 116
122 20
122 82
122 9
122 155
122 105
122 89
122 117
122 8
122 65
122 17
122 143
122 61
122 176
122 21
122 72
122 31
122 150
122 12
122 130
122 57
164 168
164 39
164 20
164 87
164 191
164 139
164 160
164 105
164 162
164 89
164 136
164 159
164 33
164 114
164 91
164 83
164 178
164 176
164 49
164 142
164 31
164 151
164 171
164 134
164 80
164 161
164 12
164 196
164 170
168 192
168 139
168 181
168 138
168 159
168 100
168 65
168 17
168 115
168 66
168 198
168 26
168 178
168 21
168 142
168 134
168 130
168 57
168 64
168 53
192 180
192 139
192 69
192 136
192 117
192 159
192 4
192 17
192 13
192 115
192 152
192 176
192 31
192 151
192 80
192 12
192 196
192 68
192 64
192 53
116 180
116 89
116 8
116 159
116 17
116 13
116 15
116 91
116 26
116 178
116 72
116 80
116 150
116 108
116 57
39 160
39 162
39 89
39 136
39 77
39 127
39 100
39 4
39 14
39 13
39 114
39 15
39 80
39 150
39 109
39 12
39 170
39 68
39 64
165 82
165 90
165 139
165 155
165 89
165 117
165 14
165 114
165 152
165 48
165 15
165 61
165 66
165 176
165 72
165 142
165 171
165 80
165 170
165 130
165 57
165 53
20 105
20 138
20 162
20 89
20 8
20 14
20 65
20 115
20 143
20 73
20 15
20 198
20 21
20 72
20 49
20 151
20 134
20 109
20 170
20 130
20 45
20 68
82 36
82 160
82 76
82 105
82 181
82 117
82 100
82 4
82 14
82 65
82 13
82 114
82 115
82 48
82 73
82 198
82 21
82 151
82 171
82 80
82 150
82 12
82 45
82 57
82 53
9 191
9 155
9 181
9 162
9 136
9 117
9 8
9 159
9 4
9 14
9 152
9 143
9 83
9 26
9 176
9 72
9 80
9 150
9 128
180 36
180 175
180 191
180 139
180 160
180 76
180 105
180 69
180 159
180 100
180 65
180 13
180 114
180 73
180 72
180 128
180 130
180 68
36 90
36 139
36 155
36 138
36 8
36 127
36 17
36 33
36 73
36 61
36 66
36 21
36 72
36 49
36 151
36 134
36 80
36 109
36 12
36 196
36 170
36 45
36 68
36 53
175 191
175 139
175 160
175 76
175 162
175 89
175 14
175 13
175 143
175 73
175 91
175 21
175 72
175 142
175 31
175 134
175 128
175 130
175 45
175 57
87 90
87 162
87 100
87 14
87 13
87 114
87 115
87 152
87 143
87 48
87 73
87 91
87 21
87 72
87 171
87 134
87 109
87 12
87 196
87 170
87 130
87 45
87 64
87 53
90 139
90 76
90 138
90 162
90 77
90 8
90 65
90 17
90 115
90 61
90 198
90 83
90 26
90 12
90 170
90 130
90 64
191 139
191 160
191 105
191 162
191 69
191 117
191 77
191 127
191 100
191 4
191 14
191 13
191 48
191 66
191 91
191 198
191 83
191 26
191 178
191 176
191 21
191 31
191 150
191 108
191 170
191 130
191 45
191 64
139 160
139 105
139 138
139 69
139 159
139 100
139 4
139 33
139 115
139 152
139 73
139 80
139 150
139 108
139 196
139 130
139 53
160 138
160 136
160 65
160 33
160 48
160 198
160 151
160 171
160 150
160 45
160 57
160 64
160 53
155 76
155 181
155 77
155 159
155 13
155 114
155 152
155 48
155 198
155 142
155 150
155 128
155 57
76 105
76 69
76 136
76 159
76 114
76 152
76 143
76 61
76 198
76 178
76 72
76 49
76 142
76 31
76 171
76 128
76 161
76 170
76 130
76 45
76 68
105 181
105 162
105 136
105 117
105 77
105 159
105 100
105 4
105 17
105 33
105 143
105 73
105 66
105 198
105 151
105 150
105 128
105 196
105 68
105 64
181 162
181 4
181 14
181 65
181 61
181 83
181 142
181 171
181 134
181 128
181 45
181 64
138 162
138 48
138 91
138 83
138 151
138 161
138 130
138 57
138 64
162 117
162 100
162 14
162 65
162 13
162 33
162 143
162 15
162 61
162 66
162 91
162 178
162 49
162 151
162 80
162 150
162 108
162 196
162 130
162 45
162 68
69 89
69 136
69 77
69 159
69 14
69 33
69 114
69 66
69 91
69 178
69 176
69 142
69 31
69 161
69 130
69 68
69 53
89 100
89 4
89 14
89 33
89 114
89 15
89 178
89 72
89 109
89 12
89 130
89 64
136 127
136 4
136 65
136 33
136 114
136 21
136 150
136 128
136 161
136 45
136 57
136 64
117 8
117 33
117 152
117 143
117 66
117 91
117 178
117 142
117 109
117 161
117 130
117 57
117 68
117 64
77 115
77 152
77 15
77 61
77 198
77 176
77 80
77 196
77 53
8 127
8 100
8 14
8 17
8 73
8 91
8 83
8 26
8 171
8 108
8 170
8 57
8 68
159 4
159 65
159 13
159 115
159 143
159 48
159 15
159 83
159 26
159 72
159 31
159 171
159 108
159 109
159 12
159 57
159 53
127 65
127 17
127 13
127 152
127 143
127 15
127 66
127 91
127 198
127 83
127 178
127 49
127 151
127 171
127 134
127 108
127 128
127 109
127 161
127 12
127 196
127 170
127 130
127 45
127 57
127 68
100 4
100 65
100 114
100 152
100 73
100 198
100 83
100 26
100 21
100 171
100 134
100 150
100 108
100 128
100 161
100 12
100 170
100 64
4 14
4 13
4 48
4 73
4 91
4 198
4 176
4 21
4 31
4 151
4 128
4 161
4 196
4 130
4 64
14 17
14 13
14 33
14 114
14 143
14 15
14 61
14 66
14 91
14 83
14 26
14 21
14 49
14 151
14 134
14 108
14 45
14 68
14 64
65 17
65 48
65 15
65 66
65 198
65 49
65 31
65 128
17 33
17 114
17 48
17 73
17 83
17 21
17 72
17 80
13 48
13 15
13 66
13 176
13 21
13 49
13 142
13 80
13 109
13 196
13 170
13 130
13 45
13 68
13 53
33 115
33 152
33 61
33 151
33 134
33 150
33 130
33 45
33 57
33 64
114 66
114 91
114 83
114 178
114 142
114 151
114 150
114 128
114 161
114 12
114 45
114 57
115 48
115 198
115 178
115 21
115 72
115 49
115 31
115 128
115 109
115 12
115 170
152 73
152 15
152 198
152 178
152 72
152 171
152 80
152 128
152 109
152 45
143 66
143 26
143 178
143 151
143 150
143 12
143 170
143 130
143 57
143 64
48 73
48 61
48 198
48 72
48 49
48 142
48 31
48 128
48 196
48 45
48 64
73 61
73 83
73 176
73 21
73 151
73 134
73 108
73 170
73 64
15 61
15 83
15 21
15 49
15 31
61 198
61 176
61 72
61 49
61 150
61 128
61 130
61 64
66 198
66 176
66 21
66 31
66 171
66 150
66 109
66 196
66 45
66 64
91 178
91 161
91 170
198 176
198 21
198 72
198 31
198 171
198 134
198 150
198 108
198 109
198 161
198 57
198 64
83 176
83 21
83 72
83 109
83 12
83 130
26 178
26 31
26 134
26 108
26 109
178 176
178 21
178 49
178 80
178 109
178 161
178 53
176 49
176 151
176 150
176 108
176 109
176 12
176 130
176 57
21 151
21 80
21 130
21 57
21 68
21 64
72 49
72 142
72 31
72 80
72 109
72 57
49 108
49 130
49 45
49 57
49 64
142 151
142 150
142 128
142 161
142 12
142 170
142 68
31 151
31 134
31 80
31 150
31 128
31 109
31 161
31 12
31 45
151 171
151 196
171 134
171 80
171 128
171 12
171 45
134 80
134 150
134 108
134 161
134 130
80 196
150 128
150 161
150 12
150 45
108 109
108 12
108 170
108 130
108 45
108 64
108 53
128 109
128 196
128 170
128 130
128 57
109 130
109 68
12 45
12 57
12 64
196 130
196 45
196 64
170 45
170 57
170 68
170 64
130 57
130 64
130 53
57 64
