189 102
189 77
189 83
189 10
189 45
189 5
189 193
189 184
189 147
189 162
189 88
189 119
189 91
189 171
189 15
189 50
189 112
189 124
189 25
189 129
189 139
189 111
189 121
189 80
176 99
176 52
176 141
176 132
176 45
176 151
176 94
176 36
176 146
176 5
176 18
176 193
176 147
176 156
176 91
176 90
176 113
176 57
176 65
176 97
176 103
176 59
176 15
176 98
176 148
176 112
176 22
176 11
176 130
176 32
176 75
176 64
176 14
176 66
176 4
176 181
176 41
176 121
176 9
176 80
107 52
107 168
107 132
107 10
107 47
107 7
107 146
107 117
107 70
107 53
107 185
107 104
107 90
107 96
107 113
107 110
107 140
107 46
107 44
107 87
107 127
107 27
107 130
107 23
107 12
107 25
107 177
107 66
107 29
107 19
107 73
133 159
133 58
133 67
133 17
133 168
133 141
133 83
133 10
133 198
133 147
133 162
133 197
133 57
133 97
133 110
133 30
133 34
133 103
133 59
133 46
133 87
133 148
133 50
133 112
133 177
133 120
133 139
133 200
133 181
133 175
195 159
195 77
195 132
195 10
195 45
195 151
195 7
195 56
195 162
195 104
195 190
195 160
195 50
195 112
195 199
195 125
195 177
195 64
195 4
195 109
195 200
195 142
195 80
195 126
128 58
128 52
128 77
128 154
128 114
128 132
128 10
128 198
128 45
128 62
128 146
128 5
128 161
128 147
128 140
128 59
128 46
128 44
128 87
128 148
128 50
128 27
128 23
128 129
128 6
128 4
128 111
128 19
128 142
128 41
69 174
69 67
69 77
69 17
69 168
69 154
69 141
69 10
69 45
69 151
69 146
69 82
69 5
69 161
69 18
69 193
69 184
69 158
69 88
69 172
69 103
69 46
69 44
69 127
69 148
69 60
69 22
69 130
69 23
69 124
69 129
69 1
69 177
69 120
69 64
69 165
69 142
69 9
69 180
69 80
69 3
69 126
69 89
164 159
164 99
164 168
164 154
164 186
164 151
164 47
164 7
164 62
164 146
164 161
164 115
164 18
164 184
164 158
164 185
164 91
164 96
164 57
164 190
164 97
164 87
164 50
164 27
164 31
164 55
164 75
164 14
164 4
164 165
164 200
164 181
164 41
164 80
164 187
164 175
157 102
157 77
157 40
157 198
157 45
157 76
157 36
157 56
157 115
157 184
157 147
157 185
157 156
157 113
157 57
157 65
157 2
157 110
157 171
157 15
157 98
157 39
157 44
157 87
157 163
157 112
157 130
157 23
157 199
157 64
157 14
157 66
157 41
157 9
157 169
72 52
72 168
72 141
72 151
72 47
72 82
72 5
72 131
72 197
72 91
72 90
72 113
72 155
72 160
72 2
72 110
72 140
72 127
72 50
72 60
72 11
72 124
72 55
72 1
72 177
72 64
72 29
72 137
72 165
72 73
72 9
72 89
118 159
118 99
118 58
118 102
118 52
118 17
118 154
118 114
118 47
118 7
118 82
118 5
118 115
118 193
118 131
118 184
118 147
118 172
118 155
118 34
118 46
118 98
118 87
118 22
118 124
118 12
118 129
118 6
118 177
118 64
118 14
118 200
118 181
118 41
71 58
71 102
71 52
71 17
71 168
71 83
71 186
71 45
71 7
71 94
71 62
71 76
71 56
71 115
71 197
71 156
71 104
71 91
71 90
71 155
71 190
71 34
71 112
71 22
71 23
71 129
71 125
71 177
71 64
71 19
71 142
108 159
108 58
108 52
108 77
108 114
108 141
108 40
108 132
108 186
108 10
108 76
108 115
108 147
108 97
108 15
108 50
108 112
108 11
108 124
108 55
108 32
108 25
108 1
108 75
108 200
108 73
108 121
108 9
108 89
13 159
13 99
13 102
13 67
13 168
13 10
13 94
13 146
13 56
13 70
13 185
13 156
13 91
13 57
13 190
13 110
13 140
13 15
13 27
13 22
13 23
13 32
13 25
13 1
13 64
13 139
13 73
13 181
13 41
135 159
135 99
135 17
135 154
135 40
135 132
135 36
135 146
135 18
135 197
135 190
135 97
135 2
135 171
135 44
135 127
135 22
135 11
135 55
135 1
135 139
135 29
135 109
135 181
135 41
135 169
135 126
106 99
106 174
106 173
106 67
106 168
106 83
106 10
106 117
106 18
106 131
106 184
106 88
106 119
106 57
106 110
106 103
106 46
106 44
106 87
106 148
106 32
106 12
106 199
106 125
106 64
106 66
106 111
106 109
106 180
106 175
153 99
153 17
153 168
153 40
153 45
153 146
153 115
153 18
153 193
153 131
153 184
153 53
153 119
153 104
153 2
153 171
153 26
153 15
153 98
153 22
153 130
153 55
153 32
153 12
153 25
153 129
153 177
153 120
153 75
153 14
153 66
153 111
153 126
37 58
37 81
37 83
37 186
37 47
37 76
37 56
37 70
37 193
37 185
37 91
37 172
37 97
37 140
37 34
37 98
37 87
37 112
37 23
37 124
37 129
37 66
37 4
37 29
37 142
144 168
144 83
144 198
144 45
144 7
144 94
144 62
144 36
144 146
144 131
144 88
144 104
144 65
144 160
144 34
144 103
144 26
144 15
144 98
144 27
144 130
144 55
144 199
144 1
144 177
144 120
144 181
144 41
144 169
144 89
93 99
93 102
93 168
93 132
93 95
93 47
93 7
93 82
93 5
93 18
93 70
93 131
93 184
93 158
93 96
93 113
93 190
93 160
93 110
93 26
93 15
93 98
93 39
93 44
93 87
93 127
93 112
93 23
93 32
93 125
93 6
93 64
93 29
93 142
93 181
93 41
93 121
93 3
93 187
93 175
43 159
43 58
43 173
43 67
43 154
43 10
43 198
43 45
43 94
43 36
43 146
43 82
43 56
43 131
43 158
43 88
43 53
43 197
43 65
43 110
43 140
43 59
43 26
43 98
43 27
43 31
43 22
43 11
43 32
43 129
43 177
43 120
43 64
43 139
43 4
43 73
43 41
43 121
43 180
138 58
138 77
138 17
138 168
138 154
138 40
138 45
138 151
138 62
138 5
138 18
138 70
138 158
138 104
138 91
138 113
138 172
138 65
138 160
138 2
138 110
138 171
138 30
138 103
138 26
138 98
138 44
138 50
138 60
138 163
138 22
138 23
138 129
138 6
138 177
138 75
138 64
138 139
138 19
138 41
138 121
138 126
192 52
192 154
192 114
192 141
192 94
192 115
192 184
192 88
192 104
192 91
192 155
192 97
192 171
192 34
192 26
192 46
192 44
192 60
192 55
192 32
192 12
192 199
192 177
192 4
192 73
192 142
192 126
105 99
105 174
105 81
105 67
105 167
105 83
105 186
105 10
105 198
105 95
105 151
105 7
105 36
105 117
105 56
105 70
105 147
105 158
105 91
105 90
105 96
105 113
105 155
105 65
105 97
105 110
105 30
105 59
105 127
105 148
105 124
105 55
105 32
105 125
105 29
105 19
105 142
105 3
35 99
35 52
35 114
35 83
35 40
35 45
35 7
35 94
35 62
35 36
35 146
35 117
35 56
35 18
35 193
35 184
35 147
35 156
35 104
35 90
35 172
35 160
35 97
35 98
35 60
35 130
35 55
35 25
35 199
35 177
35 75
35 14
35 66
35 4
35 165
35 200
35 181
35 3
116 99
116 174
116 102
116 173
116 154
116 114
116 186
116 45
116 146
116 117
116 82
116 56
116 70
116 131
116 184
116 158
116 162
116 53
116 197
116 155
116 160
116 97
116 2
116 46
116 50
116 112
116 11
116 12
116 199
116 129
116 125
116 75
116 66
116 139
116 4
116 41
116 9
116 3
16 174
16 102
16 173
16 154
16 198
16 117
16 82
16 5
16 56
16 115
16 53
16 185
16 96
16 113
16 27
16 22
16 23
16 124
16 129
16 1
16 6
16 120
16 75
16 4
16 29
16 111
16 200
16 73
16 41
16 89
188 167
188 77
188 83
188 10
188 94
188 56
188 156
188 155
188 65
188 160
188 15
188 46
188 39
188 44
188 50
188 60
188 31
188 11
188 130
188 124
188 25
188 1
188 64
188 66
188 111
188 137
188 109
188 41
188 9
188 180
188 80
143 159
143 58
143 102
143 173
143 167
143 77
143 17
143 40
143 186
143 198
143 94
143 62
143 82
143 147
143 158
143 88
143 53
143 185
143 156
143 90
143 155
143 57
143 97
143 2
143 171
143 34
143 127
143 22
143 23
143 32
143 125
143 177
143 75
143 64
143 29
143 19
143 142
143 9
143 3
54 99
54 174
54 154
54 141
54 186
54 94
54 36
54 146
54 82
54 5
54 161
54 115
54 158
54 90
54 96
54 113
54 172
54 97
54 110
54 140
54 59
54 98
54 127
54 27
54 163
54 112
54 124
54 32
54 12
54 139
54 4
54 181
54 9
54 169
54 3
54 187
68 58
68 154
68 141
68 132
68 186
68 151
68 7
68 76
68 82
68 161
68 70
68 193
68 104
68 96
68 113
68 155
68 190
68 110
68 46
68 148
68 60
68 55
68 32
68 199
68 125
68 6
68 120
68 19
68 181
68 121
68 3
68 126
92 159
92 77
92 83
92 10
92 5
92 56
92 18
92 131
92 158
92 96
92 172
92 97
92 30
92 59
92 15
92 98
92 39
92 27
92 22
92 55
92 32
92 199
92 66
92 139
92 4
92 111
92 19
92 121
92 169
92 80
92 187
152 67
152 132
152 10
152 198
152 45
152 95
152 117
152 18
152 88
152 119
152 104
152 91
152 155
152 57
152 65
152 110
152 140
152 98
152 87
152 163
152 11
152 55
152 64
152 19
152 137
152 165
152 200
152 73
152 181
152 180
38 159
38 58
38 52
38 17
38 83
38 40
38 198
38 94
38 117
38 5
38 131
38 158
38 162
38 53
38 185
38 104
38 90
38 96
38 113
38 190
38 65
38 26
38 15
38 44
38 11
38 25
38 75
38 64
38 4
38 137
38 165
38 181
38 180
38 126
100 159
100 102
100 81
100 67
100 77
100 114
100 141
100 10
100 95
100 7
100 62
100 76
100 36
100 115
100 70
100 113
100 172
100 110
100 39
100 87
100 148
100 50
100 163
100 12
100 177
100 120
100 66
100 29
100 111
100 137
100 165
100 73
100 142
100 9
100 3
100 89
100 175
166 159
166 58
166 52
166 167
166 141
166 83
166 132
166 10
166 95
166 151
166 7
166 62
166 76
166 5
166 161
166 115
166 18
166 197
166 185
166 91
166 90
166 103
166 59
166 87
166 163
166 112
166 22
166 32
166 1
166 6
166 120
166 14
166 29
166 73
166 142
166 41
166 169
166 89
194 173
194 167
194 77
194 95
194 47
194 62
194 146
194 5
194 161
194 70
194 147
194 88
194 53
194 185
194 119
194 96
194 172
194 190
194 65
194 160
194 34
194 98
194 39
194 31
194 11
194 23
194 199
194 1
194 120
194 139
194 142
194 180
194 89
194 175
74 174
74 186
74 47
74 94
74 5
74 158
74 104
74 113
74 59
74 148
74 50
74 60
74 112
74 11
74 124
74 55
74 29
74 137
170 99
170 81
170 167
170 114
170 83
170 40
170 132
170 95
170 62
170 117
170 115
170 158
170 88
170 172
170 155
170 57
170 103
170 59
170 39
170 127
170 112
170 12
170 25
170 120
170 75
170 29
170 19
170 137
170 165
170 142
170 181
170 121
170 3
170 126
170 187
170 89
85 159
85 102
85 52
85 81
85 83
85 40
85 198
85 45
85 76
85 36
85 5
85 56
85 131
85 90
85 160
85 110
85 171
85 140
85 34
85 15
85 127
85 163
85 11
85 23
85 1
85 6
85 177
85 19
85 109
85 200
85 142
85 121
85 169
85 180
85 126
85 187
85 89
145 159
145 17
145 154
145 45
145 146
145 161
145 70
145 147
145 197
145 119
145 104
145 65
145 160
145 34
145 39
145 27
145 112
145 22
145 12
145 25
145 199
145 75
145 139
145 19
145 109
145 165
145 200
145 142
145 41
145 180
145 187
145 175
122 67
122 83
122 76
122 117
122 161
122 56
122 193
122 131
122 158
122 53
122 197
122 96
122 160
122 97
122 59
122 46
122 98
122 44
122 23
122 32
122 1
122 6
122 177
122 64
122 139
122 4
122 29
122 111
122 41
122 169
122 89
196 17
196 168
196 40
196 95
196 47
196 36
196 146
196 156
196 104
196 96
196 172
196 155
196 65
196 110
196 140
196 30
196 103
196 26
196 50
196 60
196 112
196 124
196 177
196 139
196 200
196 142
196 41
196 3
150 58
150 174
150 81
150 168
150 154
150 141
150 132
150 186
150 10
150 95
150 151
150 62
150 146
150 117
150 161
150 115
150 158
150 162
150 53
150 197
150 185
150 104
150 91
150 155
150 190
150 110
150 15
150 127
150 163
150 112
150 31
150 25
150 1
150 111
150 109
150 9
150 80
134 159
134 58
134 52
134 173
134 167
134 168
134 186
134 45
134 95
134 146
134 5
134 56
134 115
134 18
134 131
134 158
134 197
134 185
134 104
134 172
134 155
134 98
134 39
134 148
134 50
134 31
134 11
134 130
134 124
134 125
134 120
134 4
134 29
134 73
84 174
84 102
84 52
84 81
84 67
84 168
84 40
84 186
84 198
84 45
84 95
84 151
84 47
84 62
84 82
84 56
84 115
84 18
84 184
84 162
84 197
84 185
84 119
84 156
84 91
84 113
84 155
84 57
84 65
84 97
84 171
84 140
84 59
84 15
84 46
84 50
84 60
84 12
84 25
84 125
84 120
84 75
84 137
84 73
84 180
84 80
84 3
84 175
8 99
8 154
8 40
8 186
8 198
8 47
8 7
8 82
8 5
8 162
8 88
8 185
8 119
8 104
8 90
8 190
8 65
8 2
8 30
8 34
8 46
8 87
8 60
8 31
8 124
8 32
8 120
8 19
8 181
8 121
8 80
20 99
20 102
20 81
20 67
20 168
20 47
20 76
20 36
20 117
20 115
20 65
20 30
20 15
20 46
20 44
20 148
20 60
20 112
20 31
20 32
20 12
20 25
20 199
20 1
20 4
20 111
20 137
20 73
20 181
20 180
20 89
63 174
63 102
63 167
63 168
63 114
63 10
63 45
63 36
63 161
63 184
63 147
63 88
63 53
63 156
63 113
63 57
63 190
63 171
63 34
63 15
63 112
63 11
63 130
63 177
63 120
63 66
63 4
63 121
63 9
63 180
63 3
63 89
136 159
136 99
136 52
136 167
136 17
136 168
136 83
136 10
136 95
136 161
136 56
136 131
136 147
136 185
136 156
136 172
136 155
136 110
136 140
136 34
136 44
136 87
136 112
136 31
136 11
136 55
136 25
136 129
136 120
136 19
136 200
136 142
136 41
136 121
136 187
42 52
42 173
42 168
42 40
42 186
42 198
42 45
42 95
42 47
42 62
42 36
42 115
42 70
42 197
42 65
42 97
42 103
42 39
42 87
42 27
42 163
42 22
42 55
42 129
42 64
42 139
42 111
42 19
42 137
42 165
42 181
42 41
42 180
42 126
42 187
42 175
191 81
191 167
191 77
191 17
191 198
191 45
191 151
191 62
191 36
191 161
191 193
191 147
191 162
191 197
191 65
191 160
191 110
191 26
191 15
191 98
191 148
191 27
191 163
191 11
191 32
191 12
191 199
191 129
191 1
191 177
191 4
191 180
191 80
191 3
191 126
191 89
123 167
123 168
123 186
123 47
123 94
123 146
123 56
123 184
123 91
123 155
123 190
123 160
123 140
123 30
123 50
123 112
123 11
123 124
123 55
123 25
123 125
123 139
123 121
123 80
123 89
86 174
86 67
86 167
86 198
86 47
86 76
86 117
86 82
86 184
86 162
86 156
86 155
86 57
86 110
86 103
86 15
86 127
86 148
86 50
86 11
86 130
86 32
86 6
86 120
86 64
86 66
86 111
86 137
86 165
86 89
149 67
149 17
149 154
149 76
149 146
149 82
149 131
149 162
149 197
149 185
149 119
149 91
149 155
149 57
149 190
149 59
149 46
149 44
149 124
149 55
149 6
149 120
149 64
149 137
149 73
149 41
149 180
149 89
28 52
28 167
28 77
28 83
28 132
28 151
28 161
28 162
28 197
28 185
28 96
28 113
28 155
28 103
28 15
28 87
28 148
28 50
28 27
28 163
28 23
28 25
28 120
28 14
28 29
28 137
28 73
28 181
28 169
48 99
48 102
48 52
48 81
48 173
48 154
48 141
48 83
48 186
48 10
48 151
48 7
48 76
48 146
48 5
48 70
48 131
48 184
48 147
48 158
48 162
48 197
48 185
48 119
48 172
48 2
48 30
48 98
48 44
48 87
48 148
48 22
48 55
48 129
48 125
48 120
48 14
48 66
48 139
48 73
48 181
48 41
48 9
48 180
48 3
48 126
79 159
79 52
79 67
79 154
79 141
79 186
79 198
79 47
79 76
79 117
79 82
79 115
79 70
79 193
79 147
79 158
79 162
79 96
79 172
79 155
79 57
79 160
79 171
79 46
79 50
79 27
79 25
79 4
79 41
79 121
79 126
79 187
101 81
101 173
101 77
101 168
101 141
101 10
101 95
101 47
101 94
101 36
101 82
101 161
101 184
101 156
101 104
101 91
101 113
101 160
101 2
101 140
101 103
101 98
101 148
101 50
101 163
101 11
101 23
101 55
101 32
101 199
101 125
101 1
101 177
101 14
101 66
101 4
101 111
101 200
101 41
101 121
101 180
101 80
101 3
182 159
182 167
182 77
182 17
182 114
182 10
182 198
182 45
182 18
182 70
182 88
182 119
182 104
182 96
182 172
182 155
182 57
182 30
182 46
182 98
182 44
182 148
182 31
182 22
182 124
182 55
182 12
182 25
182 1
182 177
182 137
182 73
182 121
49 58
49 52
49 81
49 132
49 151
49 7
49 62
49 76
49 131
49 185
49 96
49 155
49 57
49 65
49 160
49 98
49 60
49 22
49 11
49 23
49 12
49 129
49 1
49 75
49 29
49 19
49 73
49 121
49 9
49 3
49 187
49 89
33 114
33 141
33 186
33 47
33 94
33 62
33 36
33 117
33 162
33 104
33 90
33 96
33 113
33 57
33 110
33 30
33 26
33 98
33 127
33 50
33 163
33 31
33 23
33 1
33 6
33 75
33 14
33 4
33 73
33 181
33 41
33 9
21 159
21 67
21 10
21 198
21 47
21 76
21 82
21 161
21 70
21 131
21 197
21 113
21 57
21 160
21 110
21 171
21 15
21 39
21 148
21 11
21 23
21 55
21 12
21 177
21 29
21 111
21 121
21 3
21 89
183 159
183 17
183 114
183 10
183 47
183 76
183 161
183 184
183 88
183 53
183 185
183 172
183 171
183 30
183 15
183 127
183 148
183 163
183 11
183 23
183 124
183 32
183 25
183 129
183 6
183 75
183 4
183 29
183 19
183 137
183 73
183 80
24 102
24 81
24 173
24 154
24 114
24 186
24 45
24 146
24 18
24 193
24 162
24 88
24 53
24 119
24 57
24 97
24 110
24 34
24 15
24 98
24 44
24 148
24 50
24 60
24 163
24 12
24 125
24 1
24 6
24 75
24 64
24 111
24 19
24 142
24 181
24 89
78 173
78 132
78 10
78 45
78 95
78 36
78 146
78 115
78 18
78 193
78 158
78 162
78 88
78 119
78 96
78 172
78 65
78 171
78 140
78 30
78 34
78 39
78 87
78 148
78 60
78 11
78 55
78 32
78 199
78 125
78 1
78 177
78 120
78 14
78 4
78 19
78 200
78 181
78 9
78 169
178 102
178 52
178 173
178 154
178 114
178 141
178 45
178 56
178 18
178 131
178 147
178 53
178 119
178 96
178 172
178 155
178 65
178 160
178 34
178 59
178 26
178 39
178 44
178 148
178 163
178 31
178 32
178 1
178 120
178 200
178 41
178 180
178 3
51 102
51 52
51 81
51 67
51 17
51 83
51 186
51 198
51 117
51 82
51 56
51 131
51 162
51 88
51 53
51 104
51 96
51 113
51 172
51 160
51 110
51 30
51 34
51 26
51 50
51 31
51 14
51 111
51 73
51 181
51 121
51 9
61 159
61 167
61 17
61 141
61 186
61 198
61 47
61 161
61 70
61 184
61 147
61 53
61 156
61 91
61 2
61 171
61 34
61 44
61 87
61 124
61 55
61 32
61 129
61 1
61 120
61 4
61 109
61 165
61 200
61 169
61 3
179 174
179 102
179 17
179 154
179 141
179 83
179 198
179 95
179 47
179 94
179 76
179 82
179 70
179 158
179 53
179 197
179 96
179 155
179 190
179 65
179 160
179 2
179 110
179 59
179 26
179 15
179 46
179 98
179 39
179 127
179 112
179 124
179 12
179 199
179 6
179 177
179 64
179 14
179 139
179 137
179 41
179 169
179 180
179 126
