98 92
98 119
98 182
98 19
98 190
98 2
98 159
98 83
98 140
98 21
98 200
98 91
98 193
98 84
98 82
98 50
98 175
98 115
98 167
98 101
98 194
98 180
98 174
98 30
98 165
98 53
98 122
98 169
98 16
98 97
98 187
98 141
98 166
98 143
98 85
98 25
98 184
98 116
98 76
98 23
98 133
98 86
98 56
98 160
98 81
98 96
98 5
98 67
98 114
98 102
98 90
98 10
110 20
110 168
110 178
110 12
110 70
110 58
110 19
110 71
110 192
110 83
110 150
110 21
110 52
110 43
110 84
110 146
110 127
110 88
110 117
110 59
110 152
110 101
110 120
110 131
110 42
110 24
110 169
110 74
110 138
110 151
110 187
110 22
110 134
110 128
110 156
110 111
110 107
110 51
110 35
110 116
110 142
110 77
110 18
110 109
110 3
110 11
110 5
110 102
110 171
198 119
198 153
198 178
198 182
198 159
198 132
198 82
198 136
198 59
198 66
198 63
198 167
198 78
198 45
198 186
198 144
198 148
198 165
198 94
198 129
198 34
198 99
198 151
198 187
198 188
198 111
198 166
198 143
198 161
198 61
198 142
198 23
198 64
198 86
198 62
198 56
198 87
198 18
198 160
198 108
198 67
198 114
198 102
198 10
196 153
196 182
196 183
196 38
196 2
196 57
196 150
196 75
196 52
196 200
196 50
196 49
196 121
196 88
196 126
196 167
196 29
196 78
196 45
196 106
196 94
196 93
196 129
196 34
196 138
196 151
196 188
196 128
196 6
196 61
196 25
196 35
196 124
196 116
196 142
196 76
196 64
196 86
196 56
196 87
196 48
196 68
196 18
196 160
196 179
196 108
196 114
172 168
172 153
172 12
172 182
172 183
172 155
172 162
172 33
172 159
172 145
172 75
172 21
172 200
172 8
172 49
172 37
172 176
172 136
172 117
172 36
172 100
172 59
172 69
172 167
172 194
172 144
172 148
172 165
172 93
172 7
172 151
172 134
172 143
172 9
172 161
172 64
172 87
172 48
172 114
172 102
172 105
26 12
26 182
26 38
26 4
26 57
26 123
26 95
26 8
26 193
26 189
26 27
26 50
26 49
26 176
26 88
26 175
26 197
26 14
26 63
26 167
26 101
26 148
26 73
26 165
26 53
26 93
26 122
26 34
26 169
26 99
26 141
26 134
26 128
26 111
26 46
26 107
26 35
26 23
26 133
26 62
26 87
26 68
26 109
26 11
26 89
26 28
26 171
54 65
54 178
54 12
54 182
54 70
54 118
54 155
54 130
54 177
54 123
54 75
54 43
54 127
54 37
54 88
54 115
54 14
54 44
54 69
54 152
54 101
54 180
54 73
54 131
54 30
54 165
54 80
54 93
54 24
54 147
54 129
54 122
54 7
54 99
54 104
54 97
54 139
54 141
54 134
54 47
54 46
54 166
54 143
54 15
54 35
54 64
54 137
54 77
54 48
54 11
54 102
54 171
54 105
54 10
170 153
170 65
170 155
170 190
170 33
170 177
170 57
170 159
170 83
170 75
170 193
170 189
170 39
170 132
170 88
170 175
170 117
170 66
170 63
170 112
170 186
170 185
170 144
170 73
170 131
170 30
170 94
170 42
170 24
170 147
170 129
170 122
170 169
170 99
170 151
170 97
170 141
170 22
170 134
170 128
170 47
170 107
170 143
170 9
170 51
170 195
170 161
170 35
170 116
170 142
170 76
170 87
170 18
170 11
170 89
170 102
17 92
17 178
17 12
17 182
17 38
17 155
17 130
17 19
17 33
17 57
17 83
17 150
17 140
17 72
17 41
17 52
17 91
17 189
17 39
17 82
17 146
17 176
17 136
17 88
17 197
17 14
17 100
17 181
17 103
17 63
17 152
17 78
17 45
17 106
17 165
17 122
17 169
17 7
17 74
17 16
17 97
17 134
17 47
17 9
17 64
17 154
17 62
17 56
17 77
17 68
17 18
17 109
17 179
17 108
17 5
17 114
17 171
17 90
17 10
149 182
149 118
149 162
149 190
149 33
149 199
149 123
149 145
149 75
149 41
149 8
149 84
149 27
149 39
149 50
149 127
149 40
149 37
149 88
149 115
149 14
149 36
149 44
149 181
149 103
149 63
149 152
149 78
149 101
149 185
149 148
149 165
149 80
149 122
149 7
149 104
149 97
149 187
149 134
149 128
149 156
149 107
149 143
149 85
149 195
149 15
149 61
149 35
149 76
149 133
149 154
149 56
149 77
149 48
149 3
149 81
149 108
149 102
149 105
149 90
60 178
60 182
60 70
60 190
60 177
60 159
60 145
60 95
60 91
60 43
60 27
60 39
60 82
60 127
60 88
60 117
60 31
60 181
60 112
60 69
60 78
60 106
60 186
60 194
60 144
60 180
60 148
60 73
60 131
60 94
60 24
60 122
60 34
60 169
60 74
60 16
60 158
60 99
60 104
60 141
60 22
60 47
60 111
60 166
60 85
60 61
60 25
60 133
60 48
60 89
60 114
60 171
60 90
55 92
55 70
55 155
55 33
55 2
55 83
55 150
55 145
55 52
55 8
55 84
55 82
55 176
55 121
55 136
55 117
55 31
55 14
55 13
55 181
55 63
55 152
55 157
55 194
55 180
55 120
55 174
55 148
55 93
55 24
55 169
55 7
55 74
55 99
55 97
55 22
55 9
55 161
55 15
55 25
55 35
55 124
55 142
55 23
55 86
55 154
55 56
55 137
55 109
55 3
55 5
55 171
55 90
163 20
163 92
163 12
163 182
163 162
163 57
163 150
163 75
163 200
163 189
163 27
163 132
163 40
163 37
163 88
163 175
163 44
163 100
163 181
163 103
163 126
163 112
163 29
163 106
163 120
163 122
163 34
163 158
163 97
163 134
163 47
163 156
163 195
163 86
163 62
163 77
163 68
163 3
163 67
163 10
164 20
164 168
164 119
164 58
164 71
164 190
164 177
164 2
164 4
164 57
164 159
164 95
164 91
164 43
164 84
164 132
164 50
164 146
164 49
164 176
164 88
164 117
164 31
164 100
164 103
164 112
164 152
164 186
164 185
164 144
164 30
164 93
164 7
164 74
164 16
164 104
164 138
164 22
164 128
164 47
164 195
164 161
164 124
164 116
164 23
164 62
164 56
164 77
164 3
164 11
164 179
164 5
164 28
164 171
164 105
164 90
173 20
173 168
173 92
173 119
173 65
173 58
173 38
173 190
173 192
173 177
173 4
173 57
173 83
173 21
173 43
173 84
173 50
173 146
173 49
173 176
173 121
173 115
173 59
173 66
173 113
173 185
173 174
173 73
173 30
173 93
173 16
173 158
173 138
173 188
173 46
173 107
173 195
173 35
173 124
173 116
173 76
173 77
173 68
173 109
173 11
173 160
173 89
173 5
173 28
135 153
135 192
135 177
135 150
135 145
135 75
135 91
135 43
135 193
135 146
135 127
135 40
135 37
135 121
135 136
135 117
135 14
135 44
135 112
135 167
135 29
135 101
135 185
135 80
135 94
135 93
135 34
135 169
135 16
135 104
135 151
135 187
135 188
135 139
135 22
135 47
135 111
135 46
135 9
135 25
135 184
135 142
135 86
135 137
135 18
135 11
135 179
135 81
135 108
135 171
135 105
32 12
32 182
32 190
32 33
32 177
32 4
32 159
32 150
32 21
32 41
32 200
32 91
32 189
32 39
32 132
32 50
32 37
32 121
32 175
32 117
32 13
32 100
32 103
32 174
32 148
32 73
32 165
32 122
32 169
32 7
32 16
32 138
32 97
32 47
32 156
32 111
32 107
32 9
32 51
32 124
32 116
32 142
32 76
32 133
32 86
32 62
32 77
32 18
32 160
32 5
32 114
32 171
79 182
79 70
79 118
79 38
79 190
79 192
79 57
79 159
79 123
79 140
79 72
79 145
79 75
79 8
79 91
79 84
79 189
79 40
79 37
79 121
79 136
79 88
79 197
79 14
79 181
79 66
79 63
79 29
79 113
79 180
79 120
79 174
79 148
79 131
79 165
79 94
79 93
79 24
79 34
79 74
79 16
79 138
79 134
79 47
79 156
79 6
79 85
79 195
79 133
79 56
79 137
79 48
79 18
79 5
79 102
79 171
79 105
191 65
191 178
191 58
191 38
191 190
191 177
191 57
191 150
191 72
191 200
191 8
191 91
191 193
191 39
191 132
191 40
191 49
191 37
191 176
191 197
191 115
191 13
191 59
191 126
191 63
191 69
191 167
191 29
191 45
191 106
191 53
191 94
191 24
191 122
191 99
191 138
191 187
191 188
191 134
191 128
191 47
191 46
191 166
191 143
191 6
191 195
191 25
191 124
191 133
191 154
191 48
191 68
191 18
191 160
191 114
191 28
191 102
191 171
1 119
1 65
1 178
1 58
1 118
1 38
1 19
1 192
1 159
1 83
1 145
1 52
1 39
1 50
1 146
1 117
1 115
1 112
1 167
1 186
1 174
1 131
1 30
1 94
1 42
1 147
1 7
1 74
1 104
1 151
1 22
1 125
1 128
1 6
1 9
1 15
1 62
1 77
1 18
1 109
1 96
1 102
20 91
20 43
20 27
20 132
20 50
20 37
20 175
20 117
20 197
20 100
20 103
20 126
20 63
20 152
20 106
20 194
20 180
20 174
20 148
20 165
20 42
20 122
20 169
20 16
20 158
20 138
20 151
20 97
20 187
20 188
20 139
20 141
20 47
20 166
20 107
20 142
20 133
20 64
20 11
20 160
20 96
20 67
20 102
20 105
168 27
168 127
168 40
168 88
168 197
168 13
168 181
168 63
168 152
168 106
168 186
168 194
168 144
168 148
168 165
168 94
168 129
168 122
168 34
168 74
168 16
168 97
168 47
168 111
168 107
168 6
168 85
168 195
168 15
168 61
168 25
168 35
168 184
168 116
168 86
168 62
168 11
168 160
168 108
168 5
168 114
168 10
92 91
92 193
92 27
92 132
92 146
92 40
92 49
92 121
92 186
92 185
92 144
92 180
92 73
92 30
92 7
92 158
92 104
92 151
92 139
92 22
92 46
92 9
92 51
92 195
92 161
92 15
92 35
92 184
92 133
92 154
92 62
92 56
92 137
92 77
92 68
92 3
92 160
92 114
92 171
92 10
119 193
119 27
119 82
119 40
119 176
119 14
119 36
119 167
119 29
119 78
119 101
119 45
119 185
119 174
119 73
119 30
119 53
119 24
119 122
119 169
119 151
119 97
119 188
119 141
119 46
119 107
119 85
119 51
119 161
119 35
119 116
119 142
119 23
119 68
119 109
119 81
119 108
119 5
119 114
119 105
153 43
153 82
153 127
153 136
153 115
153 36
153 59
153 181
153 126
153 78
153 157
153 174
153 148
153 30
153 93
153 97
153 22
153 125
153 47
153 156
153 166
153 107
153 184
153 76
153 133
153 62
153 68
153 18
153 11
153 5
153 67
153 90
65 193
65 189
65 39
65 82
65 146
65 49
65 197
65 115
65 14
65 13
65 44
65 59
65 181
65 69
65 167
65 45
65 113
65 131
65 30
65 122
65 34
65 169
65 158
65 187
65 188
65 141
65 156
65 166
65 143
65 6
65 9
65 15
65 61
65 116
65 142
65 64
65 86
65 62
65 56
65 137
65 109
65 81
65 96
65 67
65 171
65 10
178 146
178 127
178 40
178 176
178 121
178 14
178 13
178 66
178 63
178 106
178 186
178 148
178 73
178 42
178 122
178 169
178 104
178 151
178 107
178 143
178 6
178 51
178 15
178 61
178 25
178 124
178 86
178 154
178 62
178 48
178 68
178 18
178 179
178 81
178 89
178 90
178 10
12 27
12 132
12 40
12 49
12 136
12 31
12 197
12 115
12 14
12 100
12 126
12 66
12 152
12 101
12 106
12 113
12 194
12 131
12 53
12 93
12 129
12 122
12 7
12 16
12 97
12 139
12 22
12 125
12 47
12 143
12 51
12 25
12 184
12 142
12 64
12 62
12 87
12 68
12 18
12 109
12 160
12 108
12 89
12 67
12 28
12 102
12 105
182 49
182 37
182 121
182 136
182 44
182 59
182 181
182 63
182 29
182 101
182 157
182 45
182 113
182 174
182 148
182 131
182 53
182 34
182 7
182 97
182 22
182 156
182 46
182 166
182 6
182 85
182 9
182 51
182 15
182 61
182 184
182 142
182 64
182 154
182 77
182 81
182 96
182 171
182 105
182 10
70 39
70 132
70 50
70 127
70 176
70 136
70 13
70 103
70 126
70 63
70 69
70 157
70 106
70 113
70 73
70 30
70 94
70 42
70 129
70 151
70 97
70 187
70 188
70 141
70 46
70 166
70 107
70 6
70 85
70 51
70 161
70 64
70 137
70 160
70 90
58 8
58 39
58 50
58 127
58 37
58 136
58 175
58 117
58 100
58 103
58 126
58 63
58 69
58 167
58 152
58 101
58 106
58 144
58 30
58 80
58 24
58 147
58 151
58 188
58 111
58 85
58 61
58 35
58 184
58 142
58 56
58 137
58 68
58 18
58 3
58 160
58 81
58 96
58 28
58 171
58 105
183 27
183 82
183 50
183 40
183 37
183 88
183 31
183 115
183 14
183 100
183 103
183 66
183 63
183 112
183 29
183 157
183 45
183 106
183 113
183 120
183 30
183 53
183 122
183 34
183 169
183 7
183 16
183 97
183 141
183 111
183 46
183 143
183 51
183 124
183 142
183 76
183 23
183 133
183 137
183 87
183 3
183 81
183 28
183 10
118 43
118 84
118 27
118 39
118 132
118 50
118 146
118 127
118 40
118 49
118 37
118 88
118 117
118 31
118 197
118 14
118 13
118 100
118 126
118 112
118 69
118 152
118 157
118 144
118 131
118 42
118 34
118 169
118 158
118 107
118 51
118 124
118 116
118 76
118 23
118 62
118 56
118 77
118 87
118 68
118 18
118 105
118 90
38 91
38 43
38 39
38 127
38 117
38 31
38 69
38 113
38 186
38 144
38 94
38 129
38 122
38 7
38 104
38 138
38 187
38 141
38 22
38 125
38 143
38 85
38 9
38 51
38 15
38 124
38 116
38 142
38 76
38 133
38 64
38 154
38 62
38 109
38 81
38 96
38 171
38 105
38 90
155 43
155 193
155 189
155 27
155 50
155 40
155 37
155 121
155 117
155 115
155 13
155 181
155 112
155 78
155 106
155 185
155 144
155 148
155 73
155 30
155 94
155 24
155 158
155 99
155 138
155 151
155 97
155 187
155 188
155 141
155 128
155 156
155 111
155 6
155 195
155 15
155 64
155 77
155 87
155 48
155 18
155 109
155 3
155 179
155 108
155 102
130 39
130 82
130 50
130 40
130 49
130 37
130 121
130 175
130 117
130 31
130 44
130 181
130 66
130 63
130 112
130 69
130 106
130 185
130 131
130 30
130 80
130 24
130 16
130 158
130 97
130 141
130 156
130 46
130 9
130 51
130 35
130 68
130 96
130 5
130 114
162 8
162 84
162 39
162 132
162 40
162 49
162 37
162 176
162 88
162 117
162 197
162 115
162 63
162 29
162 152
162 106
162 194
162 174
162 131
162 165
162 53
162 42
162 24
162 169
162 7
162 16
162 104
162 151
162 134
162 143
162 6
162 184
162 76
162 86
162 56
162 77
162 48
162 3
162 160
162 96
162 67
162 105
162 90
19 91
19 189
19 27
19 132
19 40
19 49
19 176
19 175
19 117
19 31
19 14
19 44
19 103
19 126
19 113
19 194
19 120
19 148
19 73
19 131
19 80
19 94
19 122
19 74
19 16
19 99
19 104
19 151
19 141
19 47
19 156
19 111
19 107
19 85
19 51
19 184
19 124
19 76
19 23
19 133
19 62
19 137
19 87
19 68
19 18
19 179
19 81
19 89
19 10
71 40
71 49
71 88
71 175
71 115
71 36
71 44
71 59
71 69
71 167
71 29
71 101
71 45
71 144
71 180
71 147
71 129
71 195
71 184
71 124
71 116
71 133
71 64
71 154
71 87
71 109
71 160
71 96
71 5
71 28
71 90
71 10
190 193
190 27
190 50
190 146
190 127
190 37
190 136
190 175
190 31
190 197
190 13
190 103
190 126
190 167
190 152
190 78
190 113
190 185
190 144
190 180
190 80
190 42
190 129
190 169
190 7
190 74
190 187
190 22
190 47
190 46
190 116
190 64
190 56
190 77
190 179
190 5
190 28
190 105
190 10
192 84
192 189
192 127
192 176
192 121
192 88
192 117
192 197
192 14
192 44
192 103
192 126
192 63
192 113
192 180
192 131
192 30
192 165
192 80
192 94
192 42
192 93
192 122
192 151
192 97
192 141
192 125
192 156
192 46
192 143
192 6
192 51
192 15
192 61
192 25
192 35
192 76
192 23
192 133
192 137
192 77
192 68
192 18
192 11
192 108
192 89
192 105
192 90
33 8
33 193
33 84
33 39
33 82
33 136
33 117
33 31
33 14
33 13
33 181
33 69
33 144
33 148
33 165
33 80
33 129
33 74
33 187
33 139
33 125
33 134
33 47
33 107
33 195
33 15
33 25
33 35
33 142
33 23
33 64
33 48
33 68
33 160
33 28
33 102
33 90
177 27
177 50
177 127
177 37
177 136
177 117
177 13
177 103
177 152
177 157
177 194
177 144
177 73
177 131
177 30
177 80
177 122
177 169
177 158
177 138
177 187
177 188
177 22
177 134
177 128
177 47
177 111
177 46
177 143
177 85
177 124
177 86
177 137
177 68
177 81
177 96
177 89
177 171
2 91
2 43
2 84
2 189
2 39
2 49
2 176
2 121
2 136
2 31
2 13
2 59
2 181
2 126
2 63
2 112
2 152
2 101
2 174
2 42
2 16
2 158
2 138
2 188
2 139
2 134
2 128
2 47
2 111
2 166
2 9
2 15
2 25
2 124
2 142
2 86
2 154
2 62
2 77
2 18
2 160
2 108
2 67
2 90
4 43
4 88
4 31
4 13
4 101
4 113
4 194
4 185
4 180
4 148
4 30
4 165
4 24
4 129
4 7
4 99
4 97
4 188
4 139
4 125
4 111
4 166
4 9
4 51
4 25
4 124
4 142
4 76
4 62
4 77
4 48
4 109
4 81
4 96
4 108
4 67
4 102
4 171
4 105
4 10
57 189
57 132
57 50
57 197
57 14
57 13
57 100
57 59
57 126
57 112
57 69
57 29
57 101
57 157
57 113
57 186
57 194
57 185
57 144
57 165
57 80
57 94
57 122
57 158
57 104
57 138
57 97
57 187
57 47
57 156
57 111
57 46
57 107
57 85
57 9
57 195
57 161
57 61
57 116
57 76
57 23
57 64
57 86
57 77
57 68
57 18
57 11
57 28
159 193
159 84
159 39
159 132
159 82
159 146
159 37
159 88
159 31
159 197
159 44
159 59
159 181
159 103
159 126
159 66
159 167
159 78
159 113
159 180
159 120
159 174
159 30
159 165
159 42
159 129
159 74
159 47
159 111
159 9
159 195
159 124
159 116
159 142
159 23
159 133
159 86
159 62
159 18
159 179
159 171
159 105
159 90
159 10
83 8
83 189
83 27
83 132
83 82
83 40
83 175
83 14
83 103
83 126
83 112
83 69
83 29
83 113
83 185
83 148
83 73
83 53
83 158
83 99
83 104
83 97
83 141
83 22
83 125
83 166
83 143
83 6
83 9
83 51
83 35
83 116
83 23
83 64
83 86
83 154
83 137
83 48
83 68
83 160
83 96
83 89
83 114
83 102
199 8
199 91
199 43
199 84
199 39
199 82
199 50
199 146
199 40
199 121
199 31
199 197
199 44
199 126
199 66
199 167
199 78
199 101
199 157
199 186
199 144
199 180
199 174
199 73
199 30
199 165
199 53
199 80
199 42
199 122
199 34
199 7
199 187
199 111
199 9
199 161
199 15
199 35
199 184
199 23
199 86
199 154
199 56
199 87
199 68
199 18
199 11
199 108
199 114
199 28
199 10
150 8
150 193
150 84
150 189
150 132
150 146
150 100
150 59
150 66
150 112
150 45
150 106
150 186
150 144
150 174
150 30
150 165
150 24
150 129
150 122
150 34
150 7
150 16
150 138
150 22
150 111
150 46
150 166
150 6
150 85
150 161
150 15
150 184
150 76
150 23
150 86
150 77
150 68
150 109
150 3
150 179
150 81
150 96
150 89
150 67
150 114
150 28
123 193
123 39
123 132
123 31
123 13
123 100
123 63
123 78
123 45
123 194
123 148
123 53
123 94
123 7
123 74
123 158
123 99
123 138
123 139
123 141
123 125
123 128
123 107
123 85
123 51
123 76
123 86
123 154
123 77
123 87
123 160
123 179
123 108
123 114
123 102
123 171
123 90
140 43
140 27
140 39
140 146
140 127
140 176
140 121
140 88
140 36
140 126
140 66
140 167
140 157
140 106
140 185
140 144
140 120
140 131
140 53
140 80
140 94
140 24
140 169
140 99
140 138
140 187
140 125
140 107
140 51
140 195
140 184
140 23
140 64
140 62
140 109
140 11
140 96
140 171
72 84
72 132
72 40
72 49
72 176
72 121
72 136
72 115
72 100
72 59
72 69
72 53
72 74
72 99
72 138
72 97
72 46
72 143
72 9
72 51
72 15
72 61
72 25
72 184
72 124
72 133
72 86
72 68
72 18
72 109
72 3
72 11
72 160
72 179
72 108
72 5
72 28
72 171
72 105
145 43
145 193
145 146
145 197
145 115
145 100
145 181
145 66
145 167
145 101
145 45
145 106
145 186
145 194
145 144
145 180
145 120
145 174
145 73
145 30
145 80
145 42
145 129
145 169
145 7
145 158
145 104
145 138
145 151
145 187
145 139
145 156
145 6
145 76
145 68
145 109
145 3
145 81
145 5
145 114
75 91
75 127
75 88
75 117
75 14
75 36
75 59
75 103
75 126
75 63
75 29
75 78
75 101
75 157
75 45
75 53
75 94
75 93
75 16
75 104
75 188
75 139
75 141
75 125
75 128
75 46
75 6
75 85
75 51
75 116
75 142
75 76
75 86
75 56
75 48
75 11
75 179
75 96
75 28
95 84
95 189
95 132
95 82
95 176
95 121
95 175
95 115
95 100
95 69
95 29
95 45
95 106
95 186
95 120
95 148
95 131
95 165
95 80
95 42
95 129
95 122
95 169
95 74
95 158
95 99
95 104
95 97
95 188
95 125
95 107
95 61
95 76
95 23
95 62
95 18
95 96
95 108
95 5
95 67
21 43
21 193
21 27
21 39
21 132
21 82
21 50
21 127
21 40
21 49
21 13
21 44
21 100
21 181
21 126
21 66
21 63
21 112
21 29
21 45
21 186
21 148
21 131
21 94
21 129
21 34
21 169
21 74
21 97
21 139
21 141
21 128
21 46
21 166
21 6
21 85
21 161
21 61
21 35
21 184
21 116
21 142
21 86
21 62
21 56
21 87
21 48
21 89
21 102
21 90
41 8
41 146
41 40
41 121
41 88
41 115
41 69
41 29
41 152
41 157
41 186
41 194
41 73
41 53
41 80
41 93
41 24
41 147
41 129
41 104
41 138
41 125
41 128
41 107
41 6
41 76
41 23
41 64
41 154
41 56
41 77
41 48
41 109
41 67
41 114
41 171
52 8
52 43
52 39
52 50
52 40
52 49
52 37
52 121
52 136
52 88
52 197
52 115
52 14
52 13
52 181
52 126
52 66
52 112
52 69
52 186
52 148
52 73
52 165
52 94
52 129
52 122
52 169
52 151
52 187
52 139
52 47
52 111
52 161
52 25
52 23
52 64
52 154
52 56
52 137
52 18
52 109
52 11
52 81
52 89
52 67
52 102
52 171
52 90
52 10
200 84
200 39
200 132
200 50
200 40
200 136
200 13
200 59
200 181
200 126
200 29
200 101
200 180
200 148
200 24
200 147
200 129
200 122
200 7
200 74
200 158
200 99
200 187
200 134
200 166
200 85
200 9
200 51
200 25
200 133
200 154
200 62
200 137
200 77
200 87
200 11
200 160
200 108
200 5
200 114
200 105
200 10
8 94
8 42
8 147
8 34
8 74
8 99
8 166
8 6
8 61
8 25
8 76
8 23
8 133
8 86
8 62
8 77
8 87
8 68
8 96
8 90
91 93
91 24
91 129
91 34
91 169
91 74
91 99
91 151
91 188
91 125
91 46
91 6
91 85
91 51
91 124
91 76
91 133
91 68
91 109
91 160
91 96
91 67
91 171
91 90
43 42
43 147
43 122
43 151
43 139
43 22
43 128
43 156
43 46
43 107
43 143
43 6
43 51
43 161
43 76
43 64
43 77
43 48
43 68
43 114
43 90
193 94
193 42
193 93
193 24
193 74
193 16
193 99
193 151
193 139
193 134
193 47
193 166
193 51
193 195
193 124
193 3
193 11
193 179
193 81
193 96
193 108
193 28
193 10
84 80
84 94
84 24
84 34
84 7
84 99
84 97
84 125
84 111
84 46
84 166
84 107
84 9
84 195
84 116
84 133
84 86
84 48
84 3
84 179
84 114
84 171
84 105
189 93
189 7
189 97
189 187
189 141
189 46
189 166
189 85
189 23
189 64
189 86
189 62
189 137
189 77
189 87
189 160
189 108
189 5
189 102
189 171
189 105
189 90
27 80
27 42
27 93
27 129
27 169
27 74
27 158
27 138
27 97
27 134
27 156
27 107
27 143
27 9
27 195
27 15
27 61
27 184
27 142
27 76
27 64
27 154
27 62
27 56
27 18
27 160
27 179
27 28
39 80
39 147
39 129
39 122
39 169
39 16
39 158
39 138
39 22
39 125
39 156
39 9
39 51
39 15
39 35
39 184
39 142
39 76
39 86
39 68
39 18
39 11
39 67
39 171
39 105
39 90
132 80
132 42
132 147
132 169
132 7
132 151
132 141
132 134
132 46
132 166
132 107
132 6
132 195
132 15
132 124
132 116
132 154
132 56
132 48
132 3
132 11
132 89
132 5
132 102
132 105
132 10
82 80
82 42
82 93
82 7
82 104
82 97
82 188
82 134
82 111
82 166
82 107
82 6
82 195
82 116
82 62
82 137
82 77
82 68
82 109
82 160
82 81
82 89
82 105
50 80
50 93
50 147
50 169
50 7
50 97
50 188
50 141
50 22
50 47
50 156
50 111
50 46
50 166
50 143
50 6
50 51
50 195
50 35
50 184
50 64
50 68
50 81
50 89
50 114
50 105
50 10
146 34
146 169
146 7
146 158
146 151
146 22
146 111
146 166
146 107
146 6
146 51
146 23
146 64
146 62
146 56
146 77
146 3
146 160
146 108
146 89
146 105
146 10
127 24
127 7
127 99
127 104
127 138
127 97
127 134
127 111
127 143
127 195
127 61
127 35
127 184
127 124
127 142
127 133
127 64
127 137
127 68
127 18
127 11
127 81
127 96
127 5
127 67
127 28
127 105
40 42
40 24
40 169
40 16
40 99
40 134
40 47
40 85
40 9
40 195
40 35
40 76
40 64
40 62
40 87
40 48
40 68
40 3
49 93
49 7
49 99
49 138
49 188
49 128
49 46
49 85
49 15
49 35
49 142
49 179
49 81
49 96
49 114
49 28
49 105
37 94
37 93
37 147
37 122
37 34
37 7
37 16
37 104
37 138
37 97
37 188
37 141
37 128
37 51
37 195
37 161
37 15
37 61
37 116
37 87
37 11
37 89
37 67
37 28
176 80
176 138
176 141
176 22
176 125
176 134
176 46
176 143
176 6
176 51
176 195
176 35
176 124
176 116
176 76
176 86
176 77
176 48
176 160
176 96
176 89
176 171
176 105
121 94
121 169
121 99
121 187
121 188
121 139
121 156
121 107
121 143
121 9
121 51
121 161
121 61
121 184
121 124
121 76
121 23
121 64
121 56
121 11
121 160
121 179
121 108
121 89
121 5
121 28
121 105
136 147
136 122
136 34
136 7
136 16
136 158
136 99
136 188
136 125
136 156
136 46
136 166
136 161
136 184
136 133
136 154
136 87
136 68
136 109
136 81
136 108
136 67
136 90
88 80
88 94
88 147
88 34
88 169
88 158
88 187
88 188
88 141
88 22
88 128
88 156
88 166
88 143
88 85
88 9
88 161
88 25
88 116
88 142
88 76
88 23
88 56
88 48
88 68
88 89
88 28
175 80
175 94
175 129
175 122
175 169
175 16
175 139
175 47
175 6
175 161
175 61
175 25
175 116
175 86
175 62
175 77
175 87
175 48
175 68
175 109
175 3
175 179
175 28
175 10
117 122
117 104
117 138
117 139
117 22
117 47
117 9
117 195
117 35
117 76
117 64
117 86
117 62
117 96
117 108
117 89
117 5
117 67
117 28
117 102
117 105
31 80
31 42
31 93
31 24
31 151
31 97
31 188
31 141
31 47
31 107
31 143
31 85
31 9
31 51
31 23
31 62
31 56
31 87
31 160
31 108
31 89
31 5
31 28
31 10
197 94
197 129
197 99
197 151
197 187
197 139
197 141
197 125
197 128
197 46
197 9
197 51
197 15
197 61
197 25
197 76
197 23
197 64
197 62
197 56
197 137
197 68
197 102
197 171
197 10
115 94
115 42
115 34
115 169
115 99
115 138
115 187
115 47
115 6
115 9
115 35
115 124
115 64
115 56
115 137
115 77
115 179
115 96
115 5
115 114
115 28
14 42
14 122
14 16
14 104
14 187
14 188
14 141
14 22
14 134
14 166
14 107
14 35
14 184
14 76
14 133
14 62
14 77
14 68
14 18
14 109
14 160
14 179
14 102
14 105
14 10
13 80
13 147
13 74
13 97
13 139
13 141
13 125
13 47
13 143
13 6
13 9
13 51
13 161
13 61
13 25
13 35
13 184
13 124
13 142
13 154
13 62
13 137
13 48
13 109
13 11
13 179
13 96
13 108
13 90
36 42
36 147
36 129
36 34
36 169
36 7
36 158
36 188
36 139
36 22
36 47
36 46
36 166
36 6
36 15
36 124
36 133
36 86
36 62
36 11
36 179
36 108
36 5
36 67
36 102
36 105
36 90
44 80
44 94
44 188
44 141
44 22
44 156
44 6
44 9
44 51
44 25
44 116
44 154
44 68
44 109
44 11
44 114
44 102
100 42
100 122
100 74
100 16
100 141
100 128
100 85
100 9
100 25
100 116
100 64
100 154
100 137
100 77
100 96
100 89
100 114
100 171
100 90
100 10
59 80
59 94
59 42
59 169
59 7
59 16
59 158
59 104
59 187
59 139
59 22
59 134
59 128
59 143
59 85
59 195
59 161
59 25
59 124
59 64
59 56
59 68
59 11
59 81
59 28
59 105
59 10
181 24
181 147
181 34
181 16
181 99
181 97
181 139
181 134
181 47
181 46
181 166
181 107
181 142
181 154
181 56
181 77
181 18
181 179
181 81
181 105
103 93
103 122
103 34
103 104
103 97
103 125
103 134
103 111
103 46
103 107
103 143
103 6
103 25
103 124
103 76
103 23
103 133
103 87
103 48
103 18
103 109
103 3
103 5
103 67
103 90
126 42
126 169
126 125
126 134
126 46
126 166
126 9
126 51
126 35
126 116
126 142
126 64
126 56
126 137
126 77
126 87
126 3
126 11
126 89
126 171
126 90
66 93
66 24
66 129
66 34
66 16
66 104
66 138
66 97
66 22
66 134
66 47
66 111
66 46
66 166
66 51
66 161
66 184
66 142
66 76
66 86
66 56
66 137
66 68
66 18
66 160
66 67
66 10
63 93
63 7
63 16
63 158
63 104
63 138
63 139
63 128
63 156
63 85
63 51
63 61
63 133
63 137
63 87
63 11
63 179
63 89
63 5
63 171
63 105
112 94
112 34
112 7
112 16
112 158
112 187
112 141
112 125
112 134
112 15
112 35
112 116
112 23
112 48
112 109
112 160
112 114
112 28
112 90
69 129
69 34
69 158
69 104
69 151
69 188
69 134
69 111
69 195
69 15
69 35
69 142
69 76
69 23
69 133
69 154
69 137
69 87
69 68
69 109
69 96
69 108
69 105
167 94
167 42
167 93
167 147
167 122
167 7
167 158
167 138
167 97
167 188
167 128
167 166
167 143
167 85
167 9
167 15
167 25
167 133
167 62
167 137
167 68
167 160
167 67
167 28
29 80
29 94
29 93
29 34
29 169
29 104
29 139
29 141
29 22
29 156
29 111
29 143
29 15
29 61
29 124
29 76
29 86
29 62
29 56
29 137
29 77
29 68
29 90
152 94
152 42
152 34
152 16
152 104
152 151
152 188
152 125
152 166
152 6
152 161
152 61
152 184
152 23
152 64
152 62
152 77
152 87
152 48
152 18
152 109
152 3
152 11
152 81
152 96
152 5
152 102
152 90
78 129
78 74
78 138
78 151
78 188
78 139
78 141
78 22
78 51
78 161
78 35
78 142
78 23
78 133
78 62
78 56
78 137
78 77
78 87
78 68
78 3
78 160
78 108
78 114
78 28
78 90
78 10
101 80
101 42
101 24
101 99
101 104
101 138
101 188
101 141
101 111
101 46
101 166
101 107
101 6
101 15
101 35
101 184
101 133
101 64
101 48
101 89
101 67
157 80
157 129
157 122
157 7
157 107
157 35
157 76
157 23
157 64
157 86
157 56
157 77
157 3
157 89
157 114
157 90
45 80
45 42
45 93
45 129
45 34
45 151
45 139
45 22
45 125
45 156
45 46
45 143
45 6
45 35
45 184
45 56
45 77
45 68
45 81
45 108
45 67
45 28
45 102
45 10
106 93
106 147
106 129
106 122
106 34
106 169
106 104
106 138
106 97
106 187
106 128
106 156
106 46
106 143
106 85
106 51
106 195
106 124
106 142
106 137
106 87
106 18
106 109
106 67
106 114
106 28
106 171
113 80
113 94
113 147
113 122
113 169
113 74
113 16
113 99
113 97
113 141
113 128
113 111
113 85
113 9
113 25
113 76
113 154
113 77
113 48
113 68
113 18
113 3
113 11
113 179
113 81
113 108
113 67
186 24
186 34
186 99
186 138
186 139
186 156
186 166
186 107
186 9
186 51
186 161
186 61
186 184
186 124
186 64
186 154
186 62
186 77
186 48
186 68
186 18
186 108
186 5
186 171
186 105
186 10
194 42
194 24
194 129
194 122
194 99
194 188
194 111
194 6
194 15
194 35
194 184
194 142
194 23
194 86
194 154
194 56
194 87
194 18
194 81
194 96
194 89
194 67
194 28
194 102
194 171
185 42
185 7
185 158
185 188
185 141
185 125
185 134
185 128
185 46
185 107
185 143
185 195
185 61
185 76
185 133
185 86
185 154
185 62
185 56
185 18
185 109
185 3
185 160
185 108
185 114
185 102
185 10
144 93
144 147
144 122
144 34
144 7
144 104
144 141
144 22
144 128
144 111
144 166
144 51
144 25
144 184
144 116
144 142
144 62
144 87
144 48
144 18
144 109
144 102
180 94
180 42
180 93
180 147
180 122
180 104
180 97
180 187
180 134
180 6
180 85
180 15
180 184
180 23
180 133
180 64
180 154
180 56
180 77
180 87
180 48
180 109
180 160
180 108
180 89
180 67
180 114
180 102
180 105
180 90
120 147
120 34
120 99
120 97
120 134
120 128
120 111
120 9
120 61
120 116
120 23
120 86
120 11
120 179
120 81
120 96
120 108
120 67
120 171
174 42
174 24
174 169
174 16
174 188
174 125
174 111
174 9
174 195
174 161
174 76
174 64
174 62
174 56
174 137
174 77
174 87
174 18
174 102
174 171
148 42
148 24
148 34
148 169
148 7
148 74
148 138
148 97
148 188
148 139
148 47
148 156
148 46
148 166
148 143
148 51
148 195
148 61
148 25
148 23
148 77
148 108
73 80
73 93
73 122
73 34
73 158
73 151
73 187
73 188
73 22
73 134
73 47
73 143
73 161
73 25
73 87
73 68
73 18
73 109
73 160
73 102
73 90
73 10
131 94
131 169
131 104
131 22
131 125
131 128
131 47
131 156
131 111
131 195
131 15
131 35
131 124
131 116
131 62
131 11
30 169
30 7
30 74
30 16
30 158
30 104
30 188
30 141
30 22
30 125
30 128
30 156
30 111
30 143
30 6
30 85
30 51
30 116
30 64
30 109
30 67
30 114
30 28
30 90
165 80
165 42
165 24
165 34
165 74
165 99
165 138
165 111
165 85
165 15
165 184
165 116
165 64
165 62
165 87
165 171
165 10
53 93
53 24
53 129
53 122
53 34
53 169
53 7
53 74
53 138
53 188
53 139
53 134
53 111
53 46
53 9
53 51
53 15
53 76
53 64
53 86
53 56
53 87
53 48
53 3
53 67
53 28
53 102
53 10
