1 0
2 1
3 3
4 1
5 3
6 3
7 3
8 2
9 3
10 3
11 3
12 1
13 2
14 2
15 3
16 3
17 0
18 3
19 1
20 1
21 1
22 3
23 3
24 3
25 3
26 0
27 2
28 3
29 2
30 2
31 2
32 0
33 1
34 3
35 3
36 2
37 2
38 1
39 2
40 2
41 1
42 3
43 2
44 2
45 2
46 3
47 3
48 3
49 2
50 2
51 3
52 1
53 2
54 0
55 0
56 3
57 1
58 1
59 2
60 0
61 3
62 3
63 2
64 3
65 1
66 2
67 3
68 3
69 2
70 1
71 1
72 1
73 2
74 3
75 1
76 3
77 3
78 2
79 0
80 3
81 3
82 2
83 1
84 2
85 3
86 3
87 3
88 2
89 3
90 3
91 2
92 1
93 3
94 3
95 1
96 3
97 3
98 0
99 3
100 2
101 2
102 3
103 2
104 3
105 3
106 2
107 3
108 3
109 3
110 0
111 3
112 2
113 2
114 3
115 2
116 3
117 2
118 1
119 1
120 2
121 2
122 3
123 1
124 3
125 3
126 2
127 2
128 3
129 3
130 1
131 2
132 2
133 3
134 3
135 0
136 2
137 3
138 3
139 3
140 1
141 3
142 3
143 3
144 2
145 1
146 2
147 3
148 2
149 0
150 1
151 3
152 2
153 1
154 3
155 1
156 3
157 2
158 3
159 1
160 3
161 3
162 1
163 0
164 0
165 2
166 3
167 2
168 1
169 3
170 0
171 3
172 0
173 0
174 2
175 2
176 2
177 1
178 1
179 3
180 2
181 2
182 1
183 1
184 3
185 2
186 2
187 3
188 3
189 2
190 1
191 0
192 1
193 2
194 2
195 3
196 0
197 2
198 0
199 1
200 1
