6.080659752240449301e-01
6.173439510684404219e-01
6.550164334973933578e-01
7.150503627573085996e-01
7.175392597329417477e-01
7.343627902203138103e-01
7.558312700057955302e-01
7.698012845155394190e-01
7.884578142088198849e-01
7.974337759331152631e-01
8.183951848957577990e-01
8.796586775541206382e-01
8.798722620162390262e-01
8.875424941518054167e-01
8.911234550949634903e-01
9.061051228130095891e-01
9.068540492859485935e-01
9.073164614375075487e-01
9.416612500413445996e-01
9.531693250553328056e-01
9.531726086101638407e-01
9.548447399026929183e-01
9.723471397657630355e-01
9.973005550524132179e-01
1.013505640937584662e+00
1.022184517941973292e+00
1.039372247173824704e+00
1.041772719000951142e+00
1.048392454313206823e+00
1.062849466519054875e+00
1.075139603669134303e+00
1.099342830602246579e+00
1.108512008717192909e+00
1.129537707620138498e+00
1.153486945830581867e+00
1.164508982420637828e+00
1.293129753784310942e+00
1.304605971281605159e+00
1.315842563101478291e+00
1.370455636901787511e+00
2.476050979182050860e+00
2.602486217079821529e+00
2.647391968927453210e+00
2.704295601926514525e+00
2.760758675183865751e+00
2.778733005198794181e+00
2.832156495355472092e+00
2.856031158321058250e+00
2.864615599938808099e+00
2.870976049078975301e+00
2.904165152430941976e+00
2.907872245808042599e+00
2.922983543916736870e+00
2.938157524829756895e+00
2.939779260882142253e+00
2.940198529906826508e+00
2.962868204667236771e+00
2.976870343522351803e+00
2.985597975683933036e+00
2.992834792178009629e+00
3.017409413647634153e+00
3.018352155307100659e+00
3.034273656237993944e+00
3.064816793878959000e+00
3.066252686280712680e+00
3.068723657913692282e+00
3.072279121101682886e+00
3.072327205009526718e+00
3.122335257768173555e+00
3.147693315999082309e+00
3.162505164478839781e+00
3.164380500875044966e+00
3.186256023823239580e+00
3.195109025424471838e+00
3.200706579578404654e+00
3.206199904499190012e+00
3.211424445243783232e+00
3.271248005714164631e+00
3.307607313293194018e+00
3.312928731162801288e+00
4.616245756940191569e+00
4.707297010373576285e+00
4.716925851589917507e+00
4.766264392476093903e+00
4.838301279421362011e+00
4.839544546155676308e+00
4.859589381224529880e+00
4.894047959246591972e+00
4.896345956345270700e+00
4.899648591283092713e+00
4.915870935446927881e+00
4.921578369373568407e+00
4.931457096694646047e+00
4.934467570680446613e+00
4.953082573324970816e+00
4.956065622432497264e+00
4.961527807043775162e+00
4.967742857666798351e+00
4.985110816846766824e+00
4.993057646058951526e+00
4.994697224910156663e+00
5.001022691328492087e+00
5.012046041988205580e+00
5.019415509869608272e+00
5.034915562566367520e+00
5.051510078144552551e+00
5.052211054435978177e+00
5.059224055412915533e+00
5.060309468466722471e+00
5.065750221931937247e+00
5.071422514302349249e+00
5.080810171362907468e+00
5.102653486622671153e+00
5.150386606537354695e+00
5.183080423540414650e+00
5.193728998106577954e+00
5.228564562903003754e+00
5.295578808948302907e+00
5.377237180242105730e+00
5.492648422497056870e+00
6.678503353087754668e+00
6.689867313786773906e+00
6.719629787441544266e+00
6.735908677383144472e+00
6.752609857824383610e+00
6.753827136713209001e+00
6.761739300559470145e+00
6.787539257254779024e+00
6.801892734973862709e+00
6.816115153153239348e+00
6.818122509041051771e+00
6.843349341532752206e+00
6.857129716394726238e+00
6.863995055684301683e+00
6.886740454079445684e+00
6.899304869176759780e+00
6.935587696758864773e+00
7.013712594961205582e+00
7.019930273017528144e+00
7.036926771706460748e+00
7.045491986920826122e+00
7.046450739432200905e+00
7.050098570069175175e+00
7.051976558849684551e+00
7.058614494659736671e+00
7.059396934646636979e+00
7.069289641899395349e+00
7.094718486127036705e+00
7.094766584182357505e+00
7.104388313123379817e+00
7.117371418760053636e+00
7.131310721726766388e+00
7.156364574355461805e+00
7.158206389408609205e+00
7.162703443473933618e+00
7.261428550856485309e+00
7.280558862187219482e+00
7.309986881003507797e+00
7.373154902228951535e+00
7.438091125161995443e+00
8.697030555062827517e+00
8.750852244257602663e+00
8.771405940433876225e+00
8.785821500387777760e+00
8.805063665954536489e+00
8.822097114074894719e+00
8.823228512759772713e+00
8.828568488716744156e+00
8.830641256386318361e+00
8.835863536329657819e+00
8.836837943006912610e+00
8.849252767128502839e+00
8.910697009586595385e+00
8.947068633352408540e+00
8.950922376799425706e+00
8.955307442934829609e+00
8.984579658117178624e+00
8.985434217468625917e+00
9.002600378375580803e+00
9.011641743689200013e+00
9.030745021189105159e+00
9.034636185170237255e+00
9.042818748826041642e+00
9.055338159866003878e+00
9.068230394963329388e+00
9.077063475945767124e+00
9.082556185387300474e+00
9.094647524914709180e+00
9.096494483048637392e+00
9.125133469553000864e+00
9.142800098818417709e+00
9.157416920748490341e+00
9.164412031998898200e+00
9.165436649807205072e+00
9.171279758864693932e+00
9.192675225848864429e+00
9.231719115801480413e+00
9.290706815431462928e+00
9.379358596530789072e+00
9.544033833317923765e+00
